# The data is generated by OFEC randomly.
-0.115359 0.103571 -0.98791 
0.578133 -0.801743 -0.151562 
0.807747 0.588627 -0.0326107 
-0.899511 0.361473 0.245392 
0.389435 0.408775 0.825374 
-0.19804 -0.837998 0.508468 
-0.432854 0.88762 0.157379 
-0.662675 -0.431665 0.611986 
-0.611146 -0.16061 -0.775052 
0.762001 -0.242237 -0.600564 
0.103505 0.961038 -0.256305 
0.639251 0.133143 0.757384 
-0.51216 -0.719914 0.46842 
-0.631853 -0.0536011 -0.773233 
0.581769 -0.691991 -0.427427 
