-0.0763134 -0.154286 -0.185145 0.23581 -0.245857 0.243788 0.225527 -0.0865004 0.208343 -0.306815 -0.343442 -0.0884812 0.258148 0.047901 0.38425 -0.0517763 -0.310431 0.0307069 0.349168 0.0211808 
-0.137669 0.100304 0.180758 -0.102738 0.14037 0.442658 -0.297158 0.143912 0.160588 0.368561 0.137628 -0.103558 -0.000340095 -0.176766 0.565692 -0.0934172 0.0898134 0.113611 -0.0186287 0.174644 
-0.216222 0.217235 -0.110833 0.141989 -0.249939 -0.079174 -0.139785 -0.0119085 -0.326022 0.0595727 -0.16732 0.0276031 -0.29002 -0.202113 0.054503 0.170118 0.433617 -0.0160901 0.547106 -0.0459969 
0.400741 -0.0761949 -0.410115 -0.224794 0.435027 0.237186 0.10817 -0.19354 -0.0476287 -0.275934 0.0405357 0.0706134 -0.0168714 -0.000978081 0.179809 0.0901233 0.404785 -0.159587 0.0540572 0.0468173 
0.396727 0.234285 0.0979179 -0.0328346 -0.085456 0.22856 0.208011 -0.00153284 -0.329014 -0.0660304 0.252656 0.00765951 -0.420751 -0.1426 0.0743421 -0.201475 -0.430293 0.123031 0.135604 -0.188611 
-0.418155 -0.341042 -0.207284 -0.163441 0.103976 -0.0389035 -0.0275114 -0.37357 -0.331678 0.239309 0.0668489 0.154296 -0.0134136 0.0698809 0.161695 -0.310426 -0.152477 -0.178007 -0.0266172 -0.328251 
-0.116515 0.0397263 0.323188 0.0633254 0.196278 -0.143685 0.0180729 0.0546098 -0.112602 -0.331188 -0.463722 0.0623355 -0.37196 0.0894129 0.374608 0.0855781 0.0445296 -0.00341211 -0.390608 -0.155062 
-0.1035 -0.00115386 -0.289969 -0.406888 -0.0845849 0.176309 -0.0908714 0.518824 -0.0213491 -0.0174762 -0.115446 0.0824819 -0.0931263 0.497987 -0.0764916 0.025092 -0.0141542 0.305644 0.0685467 -0.204004 
-0.452039 0.173075 0.242831 -0.140704 0.0399108 0.217657 0.528344 -0.0139588 0.273708 -0.159378 0.232329 0.149843 -0.187116 0.114348 -0.140914 -0.12008 0.174986 -0.2107 0.124256 0.0952194 
0.0121135 0.124212 0.00486218 0.118928 -0.0618046 -0.0906684 0.170478 0.144804 -0.145501 -0.153106 0.050411 -0.265259 0.315338 -0.081107 0.0451037 -0.602975 0.420558 0.260142 -0.135678 -0.236832 
0.0447972 -0.245922 0.03957 -0.0586584 -0.272772 -0.0878152 0.262596 -0.357927 0.106711 0.150537 0.224153 -0.339407 -0.200451 0.213872 0.176994 0.325599 0.200328 0.416299 -0.105699 -0.0772177 
0.0332657 -0.0348 0.198332 0.0884077 -0.0548831 0.206843 0.367477 0.225285 -0.425102 0.193703 0.0413608 0.241213 0.445341 -0.00954263 0.104237 0.427741 0.0655428 -0.0942962 -0.10477 -0.156216 
-0.215681 -0.356589 0.0504168 0.228637 0.0433249 0.0260507 -0.255318 0.212652 -0.278499 -0.494348 0.510561 -0.10566 -0.0319372 0.0679 0.0470785 0.0952031 -0.03226 0.0263812 0.0375095 0.211455 
-0.162072 0.470933 -0.273498 0.199577 0.399983 -0.270587 0.166187 0.0532901 -0.102884 0.144219 0.126462 -0.370214 0.0600612 0.28606 0.162795 0.13949 -0.211719 -0.0661312 0.0590949 0.0716771 
-0.0905545 0.229828 -0.273735 -0.26539 -0.482575 0.0389806 -0.0776742 0.0549335 0.0330605 -0.179202 0.124397 -0.255205 0.0075705 -0.202169 0.120225 0.139296 -0.0333964 -0.450636 -0.379437 -0.115796 
-0.013272 0.341694 0.10102 -0.0130364 -0.193445 0.291009 -0.214335 -0.448335 -0.316138 -0.100779 -0.103694 0.0692864 0.159487 0.417773 -0.104424 -0.0843338 0.032994 0.0881875 -0.158688 0.354902 
-0.242168 -0.00844048 -0.272393 0.356707 0.180912 0.499272 0.0204813 -0.059867 0.00928718 0.0287119 -0.136109 -0.160095 -0.153565 -0.255494 -0.387466 0.136355 -0.0238444 0.211847 -0.280689 -0.164186 
-0.111033 -0.188881 -0.107909 -0.335747 0.00177127 -0.0932384 0.316943 0.132833 -0.314786 0.0732511 -0.253724 -0.185876 -0.0671271 -0.286994 -0.0512704 -0.0802618 -0.0889673 0.1327 -0.0822386 0.607635 
-0.166141 0.137715 0.276367 -0.466677 0.233356 -0.0168624 -0.13314 -0.206058 -0.0312848 -0.277095 -0.035479 -0.231349 0.295837 -0.254302 -0.120867 0.231316 -0.140176 0.224492 0.233737 -0.258484 
-0.154941 0.245082 -0.294771 0.0112874 -0.0464653 -0.228406 0.0374333 -0.0817914 0.115439 -0.13883 0.203155 0.585741 0.0777011 -0.25448 0.183468 0.0778882 -0.0706259 0.443961 -0.169954 0.0896101 
