0.755718 0.378332 -0.278911 0.0432689 -0.341729 0.23893 0.0756353 -0.0341902 0.0715746 0.142171 
0.0216501 -0.123541 0.0407466 -0.492887 -0.323265 0.173061 -0.690439 0.215108 -0.27943 -0.0645206 
0.018732 -0.0712909 0.437633 -0.0734711 -0.0865378 0.392996 0.345785 0.674292 0.244321 -0.0422192 
0.0137596 0.0729298 0.466593 0.395455 -0.475184 -0.133694 -0.211274 -0.245022 0.24587 -0.46 
0.173934 0.293199 0.329058 0.370228 0.523326 0.30712 -0.265095 0.0335591 -0.442058 -0.0585201 
0.160902 -0.550456 -0.203927 -0.017907 0.175945 0.540173 0.0503487 -0.320141 0.117828 -0.43307 
0.46207 -0.443148 -0.0875967 0.214077 0.0863671 -0.529819 -0.0112725 0.404648 -0.198225 -0.212793 
-0.3891 0.00108531 -0.475222 0.525851 -0.346808 0.243113 0.0179087 0.281497 -0.288017 -0.0659473 
-0.0292338 0.0786321 -0.263125 0.196595 0.297398 0.00447642 -0.511373 0.256348 0.68175 0.0679092 
-0.0773068 0.489561 -0.242297 -0.308253 0.156289 -0.121246 0.136414 0.159823 -0.0179361 -0.719045 
